1    45.88578    36.07795    34.42884    38.85480    33.32085    31.45456    27.34764    28.11386
2    45.77673    35.71651    34.03366    38.54057    32.88554    30.83519    27.05671    27.74901
3    45.93150    36.16317    34.51718    39.10768    33.44394    31.67640    27.82298    28.41499
4    45.81927    35.98445    34.32213    38.42856    33.18652    31.19579    26.49660    27.66362
5    45.84941    35.86861    34.16926    38.91227    33.12254    31.26138    27.73101    28.24161
6    45.90873    36.10119    34.45147    39.01755    33.36389    31.55253    27.68866    28.30525
7    45.88500    36.11777    34.47077    38.77478    33.36144    31.48911    27.12179    28.03274
8    45.62859    35.11466    33.25237    38.31546    32.32216    30.39474    27.28334    27.69835
9    45.86147    35.89097    34.18033    38.97872    33.16785    31.34336    27.86384    28.34916
10    45.81260    35.77812    34.08702    38.74906    32.98819    31.03696    27.45746    28.01577
11    46.01859    36.55217    34.94426    39.17542    33.88871    32.25443    27.52586    28.50471
12    45.92857    36.11169    34.43571    39.17498    33.41877    31.67682    28.05040    28.55223
13    45.88368    36.07287    34.42326    38.84529    33.31432    31.44406    27.33206    28.10310
14    45.80888    35.84019    34.16926    38.60169    33.03026    31.02827    27.05244    27.82165
15    45.70060    35.34369    33.51736    38.54035    32.58303    30.68235    27.52479    27.94700
16    45.96393    36.44088    34.82005    38.88892    33.74275    32.01444    26.99926    28.19656
17    45.76041    35.60966    33.89645    38.59052    32.79159    30.77372    27.29636    27.84265
18    45.88265    35.99006    34.31711    38.98759    33.24979    31.41695    27.75459    28.29831
19    45.69078    35.26180    33.37170    38.59995    32.55313    30.66912    27.78235    28.14190
20    45.78137    35.65632    33.93281    38.69239    32.86900    30.91743    27.47852    27.98989
21    45.76327    35.57074    33.80764    38.68633    32.80628    30.89755    27.57702    28.04279
22    45.88478    35.89002    34.10854    39.18486    33.25707    31.45903    28.38398    28.77128
23    45.90001    36.09201    34.44376    38.95638    33.34573    31.51191    27.56017    28.22963
24    45.95590    36.42105    34.79816    38.85312    33.71768    31.97527    26.94078    28.15763
25    45.82726    35.80974    34.11229    38.82216    33.04034    31.13185    27.59056    28.12008
26    45.82341    35.96219    34.29945    38.50742    33.16520    31.18177    26.70103    27.73838
27    45.67624    35.20698    33.29972    38.56982    32.50114    30.61096    27.78212    28.13053
28    45.71574    35.41043    33.61385    38.55425    32.63447    30.71234    27.46925    27.91782
29    45.89856    36.03278    34.35966    39.05159    33.30804    31.50751    27.85330    28.38271
30    45.81963    35.73151    33.97307    38.89540    33.01588    31.17725    27.87464    28.31898
31    45.78739    35.68422    33.97192    38.69527    32.89129    30.92870    27.44929    27.97697
32    45.95452    36.27526    34.64451    39.10865    33.56556    31.82390    27.69495    28.40690
33    45.70658    35.46955    33.75636    38.36523    32.59990    30.46189    26.94909    27.55767
34    45.87194    35.96634    34.29641    38.93538    33.21279    31.35307    27.66075    28.22584
35    45.82734    35.93634    34.27292    38.59060    33.14021    31.16537    26.91781    27.81956
36    46.00206    36.57577    34.96673    38.98314    33.90466    32.24705    27.05334    28.31352
37    45.87098    35.99552    34.33765    38.87330    33.23022    31.34801    27.48329    28.13420
38    45.93507    36.38129    34.75857    38.73750    33.64751    31.65723    26.64283    27.99347
39    45.83611    35.79063    34.04732    38.93483    33.07573    31.24541    27.89173    28.34645
40    45.94757    36.32655    34.69803    38.95267    33.61398    31.85314    27.28158    28.24380
41    45.77201    35.65376    33.95073    38.61361    32.83662    30.82100    27.29540    27.85841
42    45.84910    35.87321    34.17901    38.90124    33.12168    31.25210    27.69821    28.21873
43    45.98310    36.40163    34.78160    39.13332    33.71206    32.01576    27.60575    28.44279
44    45.89944    36.08276    34.43295    38.96817    33.33702    31.50490    27.59753    28.24447
45    45.82191    35.81183    34.12688    38.77062    33.02481    31.08233    27.46609    28.03490
46    45.93802    36.21358    34.57686    39.07389    33.49303    31.72487    27.68676    28.36612
47    45.86568    35.87196    34.12793    39.04971    33.18569    31.38935    28.06691    28.50633
48    45.77995    35.50673    33.61806    38.94611    32.87757    30.99626    28.31070    28.63445
49    45.87271    35.96173    34.28747    38.95063    33.21315    31.36160    27.70256    28.25206
50    45.76294    35.69146    34.00685    38.46278    32.85023    30.77066    26.91293    27.66105
51    45.96567    36.22676    34.56266    39.29599    33.55792    31.87149    28.19486    28.69412
52    45.97413    36.28547    34.64772    39.26498    33.59921    31.90984    28.04276    28.60701
53    45.83364    35.84969    34.16927    38.80629    33.06953    31.14449    27.50267    28.07443
54    45.74487    35.56364    33.84702    38.53570    32.73404    30.69055    27.22568    27.77687
55    45.82306    35.78581    34.07668    38.82815    33.02415    31.12751    27.63618    28.14620
56    45.88764    36.07884    34.42989    38.86977    33.32299    31.46088    27.38023    28.13036
57    45.72923    35.41819    33.58655    38.65926    32.68931    30.81489    27.71666    28.12041
58    45.95972    36.35434    34.72883    39.01065    33.64968    31.91067    27.38122    28.30766
59    45.78875    35.55214    33.68751    38.94291    32.90882    31.04374    28.24058    28.58414
60    45.62461    35.10117    33.23587    38.30450    32.30791    30.38040    27.27474    27.68826
61    45.92172    36.26220    34.62704    38.83887    33.53260    31.72549    27.09800    28.11799
62    45.69361    35.30408    33.45377    38.54954    32.56024    30.67222    27.60082    28.00034
63    45.91680    36.05021    34.34544    39.18131    33.37420    31.62779    28.15056    28.61445
64    46.00562    36.61786    34.98349    38.93303    33.93861    31.78445    26.54911    28.12968
65    45.92850    36.32664    34.69545    38.78075    33.60394    31.81110    26.88841    28.06966
66    45.87336    35.92030    34.20568    39.03107    33.21254    31.41079    27.95362    28.42688
67    45.95407    36.32896    34.70147    39.00660    33.62008    31.87125    27.40158    28.30036
68    45.68393    35.37370    33.63482    38.33810    32.50818    30.39272    27.00218    27.55284
69    45.84526    35.89478    34.22260    38.82772    33.11784    31.20376    27.49760    28.09105
70    45.87305    35.96785    34.29709    38.94247    33.21618    31.36009    27.67557    28.23624
71    45.90567    36.11000    34.46345    38.97406    33.36754    31.54351    27.57952    28.25014
72    45.86674    36.05268    34.40010    38.73048    33.28341    31.37906    27.09732    27.97881
73    45.91967    36.23886    34.60234    38.86346    33.50703    31.69626    27.18139    28.14001
74    45.73861    35.46344    33.65444    38.66099    32.72130    30.83982    27.65947    28.08365
75    45.93579    36.21275    34.57614    39.05548    33.49032    31.71666    27.64602    28.34466
76    45.86726    35.96060    34.29396    38.90396    33.19942    31.32435    27.59449    28.18103
77    45.82313    35.68347    33.86050    39.01122    33.03274    31.19540    28.23155    28.60263
78    45.76251    35.62306    33.91602    38.58482    32.80078    30.77326    27.26637    27.82696
79    45.95908    36.28059    34.65017    39.13955    33.57438    31.84274    27.75893    28.44267
80    45.58593    34.98137    33.10040    38.17785    32.16751    30.22423    27.12762    27.54108
81    45.82238    35.78686    34.08060    38.82026    33.02163    31.11871    27.61575    28.13129
82    45.88190    35.87510    34.08597    39.18607    33.24661    31.44204    28.40794    28.78827
83    45.77156    35.60017    33.84450    38.70668    32.83612    30.92799    27.58734    28.05831
84    45.87446    35.98761    34.32518    38.91893    33.22938    31.36318    27.59660    28.19488
85    45.91570    36.08970    34.42489    39.10068    33.37333    31.59683    27.89798    28.43386
86    45.88694    36.00271    34.33061    39.00280    33.26575    31.44054    27.77479    28.31689
87    45.90880    36.17498    34.53394    38.88316    33.43437    31.60568    27.30025    28.15298
88    45.91675    36.14285    34.49926    39.01303    33.40813    31.60403    27.63003    28.29560
89    45.87639    35.99833    34.33823    38.91660    33.23981    31.37397    27.57852    28.18936
90    46.02141    36.39350    34.74179    39.48861    33.76609    32.16072    28.44966    28.93458
91    46.05537    36.75343    35.16051    39.13508    34.11945    32.55951    27.18940    28.49568
92    46.01343    36.40990    34.78521    39.38853    33.74900    32.12474    28.18174    28.74933
93    45.85954    35.89738    34.19880    38.95008    33.16033    31.31736    27.78493    28.29049
94    45.75696    35.51456    33.70603    38.73123    32.78909    30.92300    27.76356    28.17996
95    45.98056    36.38153    34.76012    39.14732    33.68985    31.99017    27.66083    28.45610
96    45.79895    35.67749    33.92299    38.80986    32.93838    31.06954    27.73639    28.19542
97    45.82051    35.73355    33.97468    38.89945    33.01918    31.18186    27.88191    28.32532
98    45.95704    36.29284    34.66365    39.09904    33.58474    31.84567    27.65306    28.39679
99    46.04486    36.67526    35.07694    39.18499    34.03183    32.44694    27.40079    28.53234
100    45.76496    35.61322    33.89191    38.62462    32.80779    30.81812    27.37237    27.89819
101    45.89280    36.11985    34.47397    38.84092    33.36802    31.51139    27.26847    28.10248
102    45.72366    35.44533    33.66426    38.56160    32.66129    30.72387    27.44061    27.90362
103    45.87526    36.02845    34.37484    38.85122    33.26431    31.38305    27.39593    28.10749
104    45.83386    35.97192    34.31107    38.58366    33.18098    31.21677    26.86101    27.81699
105    45.89171    36.15495    34.51061    38.76665    33.40400    31.54305    27.06006    28.02912
106    45.93812    36.19592    34.55582    39.10702    33.47780    31.71587    27.78264    28.40796
107    45.97380    36.36664    34.74363    39.11412    33.67047    31.95823    27.60250    28.41881
108    45.75998    35.56250    33.80050    38.67202    32.79378    30.87812    27.55314    28.02187
109    45.82243    35.64365    33.77848    39.07519    33.03134    31.16389    28.44780    28.77655
110    45.79613    35.69751    33.97430    38.74885    32.92413    31.00074    27.56059    28.06365
111    45.91392    36.21867    34.58040    38.84889    33.48277    31.66173    27.17194    28.12231
112    45.81434    35.86343    34.19451    38.60798    33.05730    31.06364    27.04003    27.83020
113    45.83277    35.82820    34.13372    38.83772    33.06114    31.15886    27.60397    28.13583
114    45.95570    36.29163    34.66228    39.08932    33.58262    31.84071    27.63241    28.38591
115    45.92442    36.10044    34.42463    39.15851    33.40335    31.65403    28.02487    28.52975
116    45.89467    36.08639    34.43809    38.91890    33.33567    31.48923    27.48208    28.18588
117    45.88022    35.93248    34.21046    39.06971    33.23853    31.45114    28.03333    28.49310
118    45.91406    36.25071    34.61394    38.79115    33.51646    31.69586    27.00289    28.06784
119    45.74483    35.50738    33.73005    38.63717    32.73968    30.82679    27.54180    27.99922
120    45.88882    35.99541    34.31310    39.03268    33.27039    31.46206    27.85639    28.37296
121    45.98783    36.41668    34.79803    39.14809    33.73038    32.04243    27.62197    28.46012
122    45.87458    36.12828    34.48032    38.66158    33.36688    31.47515    26.85335    27.91852
123    45.80489    35.67268    33.89375    38.87065    32.96321    31.12196    27.89369    28.32117
124    45.97679    36.24058    34.56054    39.36912    33.59776    31.92635    28.36004    28.82632
125    45.77380    35.58266    33.79916    38.75786    32.84849    30.97969    27.73674    28.17344
126    45.87857    36.03355    34.38028    38.87150    33.27193    31.39792    27.43570    28.13081
127    45.97801    36.41310    34.79292    39.06684    33.72113    32.01468    27.44065    28.37366
128    45.76010    35.66633    33.97885    38.48352    32.82401    30.74513    26.98707    27.68357
129    45.93638    36.27835    34.64601    38.94085    33.55746    31.77691    27.31107    28.22542
130    45.87112    35.96160    34.29007    38.93665    33.20881    31.34978    27.66964    28.22980
131    45.81370    35.75109    34.03294    38.80790    32.98952    31.09041    27.63291    28.13372
132    45.94282    36.19283    34.54787    39.15466    33.48341    31.73838    27.89668    28.47397
133    45.74902    35.39003    33.46485    38.88194    32.76641    30.86195    28.30872    28.61058
134    45.91652    36.13574    34.49090    39.02396    33.40166    31.59938    27.66302    28.30932
135    45.80957    35.69078    33.91773    38.87953    32.97999    31.14009    27.89098    28.32299
136    46.01336    36.50986    34.89923    39.20598    33.84167    32.19812    27.64587    28.53171
137    46.00589    36.51350    34.90198    39.13254    33.84136    32.18457    27.47301    28.45503
138    45.79603    35.80921    34.13527    38.54326    32.99058    30.96449    26.95783    27.75639
139    45.88682    35.94738    34.22171    39.10112    33.26325    31.48522    28.09153    28.54326
140    45.97453    36.40433    34.78325    39.05168    33.71005    31.99737    27.41629    28.35673
141    45.87500    36.08714    34.43732    38.74130    33.32394    31.43371    27.08181    27.99420
142    45.77738    35.65101    33.93324    38.66653    32.85397    30.88221    27.42354    27.94758
143    45.90210    36.04663    34.37691    39.05794    33.32198    31.52431    27.85063    28.38552
144    45.89230    36.05362    34.40004    38.95771    33.30434    31.46285    27.60757    28.23437
145    45.95334    36.10574    34.35427    39.40245    33.50792    31.75320    28.63723    29.02531
146    45.77338    35.62478    33.89129    38.67847    32.83992    30.89335    27.48629    27.98660
147    45.79873    35.81002    34.13631    38.56604    32.99316    30.97322    27.00745    27.78090
148    45.86791    35.88357    34.14549    39.04866    33.19363    31.39805    28.04816    28.49375
149    45.83000    35.81902    34.12315    38.82970    33.05068    31.14509    27.59663    28.12751
150    45.58805    34.87722    32.86836    38.38199    32.18537    30.25088    27.76219    28.04898
151    45.79160    35.71439    34.01760    38.67783    32.90988    30.92406    27.37002    27.93218
152    45.75440    35.44528    33.56601    38.83167    32.78434    30.91038    28.10833    28.45192
153    45.72631    35.52648    33.81760    38.43761    32.67136    30.56702    27.04537    27.64310
154    45.80104    35.75965    34.07497    38.67942    32.95243    30.96292    27.31877    27.91876
155    45.69021    35.30232    33.46095    38.52279    32.54667    30.65055    27.53749    27.94803
156    45.84071    35.86925    34.18958    38.83372    33.09515    31.18418    27.54261    28.10861
157    45.86639    36.00134    34.34523    38.82153    33.23111    31.33413    27.36017    28.07312
158    45.74473    35.47594    33.66176    38.69255    32.74456    30.87211    27.72042    28.13616
159    45.96410    36.30405    34.67596    39.14162    33.60095    31.87633    27.73675    28.44531
160    46.00156    36.33900    34.68714    39.41137    33.69276    32.05987    28.33010    28.82818
161    45.97407    36.42803    34.80798    39.00406    33.73462    32.02152    27.27927    28.31068
162    45.62115    35.05706    33.15084    38.35288    32.30005    30.39742    27.45145    27.82379
163    45.77393    35.60033    33.83712    38.72735    32.84613    30.95339    27.63770    28.09817
164    45.92538    36.17682    34.53677    39.02813    33.44744    31.65639    27.62525    28.31276
165    45.73510    35.50108    33.74825    38.56244    32.69920    30.72275    27.36913    27.86256
166    45.90493    36.08605    34.43413    39.01125    33.34709    31.53089    27.69206    28.29958
167    45.91391    36.09153    34.43133    39.08150    33.36892    31.58328    27.84968    28.40127
168    45.81053    35.94697    34.28175    38.41921    33.14247    31.13612    26.52035    27.64819
169    45.84149    35.84673    34.14736    38.88157    33.09303    31.21647    27.68539    28.20110
170    45.93720    36.13697    34.46237    39.20583    33.45101    31.72283    28.09262    28.59135
171    45.91955    36.13687    34.49094    39.04900    33.40641    31.61282    27.71886    28.34094
172    46.01300    36.48827    34.87653    39.24221    33.81910    32.17601    27.75388    28.56841
173    45.87510    36.03894    34.38633    38.83060    33.27447    31.39039    27.33775    28.08481
174    45.76514    35.63958    33.93905    38.57808    32.81334    30.77678    27.23057    27.80993
175    45.92101    36.20612    34.56820    38.93544    33.47368    31.66738    27.38247    28.21175
176    45.80691    35.75443    34.05698    38.74147    32.96536    31.01410    27.46933    28.01511
177    45.90166    36.12362    34.47878    38.91334    33.37743    31.53993    27.42712    28.18112
178    45.73907    35.54147    33.81924    38.52443    32.71198    30.66978    27.22705    27.76993
179    45.87287    35.96775    34.29722    38.94105    33.21568    31.35886    27.67233    28.23405
180    45.91796    36.05146    34.34465    39.18929    33.37854    31.63386    28.16894    28.62942
181    45.83672    35.81219    34.09093    38.90154    33.07592    31.22276    27.78009    28.26351
182    45.82167    35.83287    34.15794    38.72992    33.03622    31.07407    27.34740    27.97161
183    46.07839    36.77766    35.18899    39.29778    34.15715    32.63129    27.53933    28.66305
184    45.91064    36.20134    34.56180    38.85135    33.46284    31.63617    27.19776    28.12266
185    45.89841    36.10756    34.46130    38.91359    33.35915    31.51706    27.44600    28.18054
186    45.79596    35.68809    33.95514    38.76437    32.92443    31.01847    27.61071    28.09940
187    45.80156    35.77795    34.09922    38.65038    32.96597    30.96515    27.23164    27.87738
188    45.91687    36.26897    34.63345    38.78265    33.53715    31.72198    26.96181    28.06211
189    45.79280    35.65760    33.89994    38.79115    32.91580    31.04229    27.71721    28.17534
190    45.84013    35.74149    33.93124    39.05725    33.09444    31.26744    28.26735    28.64419
191    45.83200    35.88501    34.21774    38.72675    33.09187    31.13766    27.28028    27.96344
192    45.67382    35.25806    33.41790    38.45752    32.48597    30.57489    27.43731    27.85636
193    45.73001    35.49296    33.74690    38.53193    32.67921    30.67729    27.30666    27.81277
194    45.91857    36.13982    34.49510    39.03482    33.40751    31.60968    27.68301    28.32249
195    45.84795    35.88751    34.20735    38.86501    33.12086    31.22629    27.59340    28.14971
196    45.78163    35.72203    34.03881    38.57441    32.89557    30.85791    27.12570    27.78876
197    45.77742    35.66253    33.95507    38.64594    32.85506    30.86101    27.36010    27.90604
198    45.80647    35.72962    34.01000    38.78255    32.96256    31.05232    27.59982    28.10253
199    45.82935    35.82887    34.14221    38.80596    33.05068    31.12742    27.52774    28.08280
200    45.85698    35.97356    34.31492    38.78808    33.19682    31.28289    27.31682    28.03452
201    45.88921    36.17715    34.53349    38.70308    33.42599    31.56070    26.88969    27.96778
202    45.90944    36.06410    34.39243    39.09142    33.34845    31.56745    27.90887    28.43300
203    45.94009    36.38134    34.75435    38.78389    33.66760    31.89730    26.82956    28.08233
204    45.94558    36.19519    34.54790    39.17498    33.49060    31.75406    27.94168    28.50371
205    46.03483    36.59211    34.98840    39.24767    33.93936    32.33355    27.64505    28.58539
206    46.07975    36.68772    35.09487    39.47409    34.06424    32.53801    28.05452    28.83871
207    45.90852    36.17592    34.53489    38.87896    33.43518    31.60585    27.28968    28.14863
208    45.86812    36.11574    34.46629    38.62652    33.35029    31.44710    26.78871    27.88142
209    45.83209    35.71825    33.90664    39.02806    33.06510    31.23564    28.22586    28.60490
210    45.75528    35.49295    33.66489    38.75493    32.78473    30.92418    27.85189    28.24790
211    45.84106    35.82314    34.10061    38.92030    33.09230    31.24796    27.81152    28.29085
212    45.73381    35.44775    33.63586    38.64688    32.70396    30.82053    27.64598    28.06914
213    45.86723    35.89042    34.16189    39.03051    33.19051    31.38989    27.99324    28.45116
214    45.88036    36.07730    34.42767    38.80744    33.31678    31.43846    27.24199    28.06266
215    45.84045    35.87180    34.19405    38.82675    33.09558    31.18071    27.52320    28.09701
216    45.73428    35.50593    33.76114    38.54632    32.69498    30.69830    27.32421    27.82978
217    45.68352    35.39066    33.66551    38.30330    32.51084    30.35446    26.90235    27.49299
218    45.75939    35.61221    33.90325    38.57676    32.78884    30.75886    27.26104    27.81919
219    45.67353    35.26680    33.43817    38.43925    32.48306    30.55759    27.38112    27.81286
220    45.75639    35.52871    33.73856    38.70097    32.78473    30.90342    27.66957    28.10673
221    45.95010    36.32747    34.69935    38.97374    33.61633    31.86009    27.32851    28.26580
222    45.81283    35.68589    33.89711    38.91686    32.99336    31.16109    27.99098    28.40368
223    45.78465    35.53722    33.66844    38.93336    32.89400    31.02627    28.23706    28.57825
224    45.85313    35.81665    34.04989    39.03792    33.14051    31.33499    28.11405    28.53277
225    45.83774    35.83949    34.14298    38.86138    33.07928    31.19059    27.64613    28.16999
226    45.75562    35.71177    34.02805    38.35947    32.86637    30.76692    26.66186    27.55404
227    45.81797    35.83300    34.16007    38.69644    33.03136    31.05641    27.27177    27.92945
