1    0.86675    5.52217    14.36899    4.71022    10.80060    7.29241    10.49027    14.15326
2    0.87189    5.63687    14.40790    4.94898    11.17048    7.62278    10.37580    14.14023
3    0.86561    5.61716    14.45059    4.42349    11.08382    7.09966    10.14450    14.10962
4    0.87017    5.32007    14.33679    5.22521    10.19511    7.51750    11.16171    14.17130
5    0.87001    5.73197    14.72046    4.56257    11.44760    7.23796    9.97096    13.98811
6    0.86640    5.61236    14.42919    4.51052    11.07332    7.18491    10.20042    14.12189
7    0.86686    5.43043    14.35073    4.83508    10.52098    7.30348    10.74153    14.16258
8    0.87923    5.95077    15.70993    5.05677    12.16727    7.26073    9.74260    13.70743
9    0.86947    5.74746    14.84141    4.49807    11.49073    7.15026    9.90118    13.92345
10    0.87138    5.71385    14.56538    4.71830    11.40149    7.42612    10.09383    14.06678
11    0.86087    5.30690    14.33511    4.51810    10.13692    6.85503    10.82588    14.16815
12    0.86650    5.69246    14.69413    4.33331    11.31046    7.01264    9.93321    13.97808
13    0.86684    5.52025    14.36834    4.72027    10.79502    7.29974    10.49939    14.15366
14    0.87023    5.56629    14.37799    4.92765    10.94668    7.53822    10.51123    14.15184
15    0.87613    5.90248    15.52052    4.86323    11.99912    7.21915    9.74907    13.71579
16    0.86361    5.21331    14.32463    4.84322    9.86751    7.03551    11.17955    14.17470
17    0.87381    5.75424    14.64399    4.85043    11.53611    7.53911    10.07542    14.04607
18    0.86834    5.68421    14.56826    4.50842    11.29645    7.20588    10.04656    14.05459
19    0.87584    5.97348    15.98753    4.79555    12.21455    7.10193    9.54921    13.43351
20    0.87302    5.77147    14.78391    4.75235    11.58318    7.40082    9.98543    13.98371
21    0.87371    5.82367    15.09589    4.74636    11.74452    7.28332    9.86507    13.86138
22    0.86757    5.83048    15.40372    4.29216    11.72927    6.98056    9.59603    13.51385
23    0.86638    5.57951    14.39554    4.58430    10.97434    7.23062    10.30715    14.13934
24    0.86399    5.20727    14.32400    4.88080    9.85065    7.06217    11.21053    14.17515
25    0.87093    5.72883    14.65483    4.64592    11.44353    7.33574    10.02275    14.02432
26    0.86982    5.39215    14.34564    5.11083    10.41143    7.50465    10.95970    14.16685
27    0.87634    5.99396    16.09562    4.81870    12.28051    7.09681    9.51482    13.38213
28    0.87568    5.86780    15.29779    4.85706    11.89044    7.28909    9.82487    13.80991
29    0.86773    5.68661    14.60555    4.44851    11.30008    7.13939    10.00909    14.03323
30    0.87108    5.81114    15.15525    4.55983    11.69129    7.13199    9.79118    13.78286
31    0.87271    5.75388    14.69685    4.75454    11.52865    7.43132    10.02554    14.01716
32    0.86371    5.51729    14.37353    4.47128    10.77632    7.05972    10.37613    14.14899
33    0.87571    5.73748    14.52027    5.06595    11.49584    7.76818    10.22313    14.10642
34    0.86863    5.67340    14.51767    4.56092    11.26604    7.26324    10.09785    14.08071
35    0.86946    5.47113    14.35713    4.98887    10.65137    7.48954    10.73755    14.16110
36    0.86190    5.15415    14.31880    4.78512    9.69300    6.90105    11.26568    14.17724
37    0.86783    5.60995    14.41053    4.64782    11.07231    7.31849    10.27704    14.13308
38    0.86366    5.11334    14.11508    4.97269    9.58956    7.49887    11.42871    14.18036
39    0.87043    5.79132    15.06162    4.52817    11.62782    7.12891    9.81872    13.82110
40    0.86409    5.36082    14.34147    4.70250    10.30460    7.09644    10.81371    14.16608
41    0.87317    5.73397    14.57831    4.83617    11.47166    7.54220    10.11209    14.06913
42    0.86999    5.72356    14.67546    4.57506    11.42248    7.26003    9.99630    14.00948
43    0.86234    5.41708    14.35021    4.49997    10.46935    6.97424    10.59485    14.16071
44    0.86656    5.59585    14.40779    4.56506    11.02443    7.22619    10.26331    14.13317
45    0.87086    5.70005    14.53268    4.70355    11.35748    7.41413    10.11584    14.07982
46    0.86459    5.54981    14.38593    4.48779    10.87774    7.10876    10.31810    14.14298
47    0.86901    5.78865    15.11454    4.42439    11.61171    7.04840    9.76689    13.76088
48    0.87134    5.96238    16.04271    4.48310    12.14942    7.03613    9.40183    13.19958
49    0.86874    5.68541    14.55675    4.54219    11.30222    7.24259    10.06204    14.06164
50    0.87234    5.60756    14.39136    5.03800    11.08116    7.67561    10.48202    14.14876
51    0.86485    5.67238    14.67521    4.22798    11.24205    6.90686    9.91935    13.97769
52    0.86396    5.61305    14.47961    4.27763    11.06330    6.94598    10.07534    14.09102
53    0.87030    5.69082    14.52011    4.67405    11.32691    7.38371    10.12017    14.08397
54    0.87447    5.75935    14.63975    4.89915    11.55524    7.58637    10.08977    14.05218
55    0.87118    5.74808    14.74780    4.63492    11.50241    7.30156    9.97432    13.98396
56    0.86668    5.53173    14.37195    4.69099    10.82966    7.28461    10.46075    14.15171
57    0.87468    5.90469    15.59962    4.75541    11.99682    7.14654    9.68519    13.63105
58    0.86349    5.37523    14.34350    4.63938    10.34641    7.05531    10.75199    14.16477
59    0.87124    5.93473    15.88847    4.49162    12.06573    7.03847    9.46990    13.30839
60    0.87939    5.95452    15.72875    5.06592    12.17990    7.25917    9.73890    13.70283
61    0.86533    5.34205    14.33893    4.82135    10.25117    7.18292    10.91271    14.16789
62    0.87621    5.92954    15.69937    4.84985    12.08246    7.16666    9.67978    13.62297
63    0.86693    5.73436    14.89811    4.31669    11.43749    6.98500    9.82983    13.85814
64    0.85615    4.85578    14.11508    4.73536    8.87914    7.71389    11.77841    14.19085
65    0.86521    5.24443    14.32780    4.92985    9.96161    7.15654    11.16238    14.17356
66    0.86890    5.75154    14.89716    4.44950    11.49974    7.09685    9.86517    13.88690
67    0.86371    5.39582    14.34636    4.63230    10.40881    7.07386    10.70678    14.16337
68    0.87718    5.79537    14.70985    5.06916    11.67955    7.71123    10.09935    14.04992
69    0.86954    5.66729    14.47499    4.66390    11.25273    7.36933    10.16506    14.10371
70    0.86862    5.67625    14.52743    4.55320    11.27444    7.25514    10.08765    14.07584
71    0.86612    5.57532    14.39415    4.56965    10.96063    7.21256    10.30819    14.13984
72    0.86765    5.45979    14.35527    4.86162    10.61228    7.36207    10.69555    14.16076
73    0.86535    5.38012    14.34381    4.77739    10.36537    7.18975    10.81356    14.16539
74    0.87447    5.87855    15.43583    4.75883    11.91582    7.18598    9.74695    13.71503
75    0.86461    5.53774    14.37953    4.51140    10.84128    7.11965    10.35520    14.14638
76    0.86861    5.65953    14.47827    4.59594    11.22481    7.29702    10.14591    14.10025
77    0.87010    5.88435    15.63232    4.43959    11.90657    7.02951    9.55616    13.44498
78    0.87361    5.74147    14.59272    4.86006    11.49666    7.56226    10.10830    14.06553
79    0.86361    5.53407    14.38156    4.43336    10.82668    7.04010    10.32192    14.14461
80    0.88109    5.97633    15.80243    5.17561    12.25862    7.28917    9.74711    13.71493
81    0.87120    5.74367    14.72118    4.64331    11.48934    7.31683    9.98863    13.99608
82    0.86760    5.83960    15.45261    4.28912    11.75685    6.98232    9.57335    13.47796
83    0.87337    5.81390    15.04743    4.72993    11.71301    7.28760    9.87822    13.87723
84    0.86816    5.64637    14.45862    4.58769    11.18327    7.28316    10.16945    14.10926
85    0.86691    5.67097    14.57393    4.40849    11.24935    7.09844    10.02153    14.04681
86    0.86816    5.68298    14.57076    4.49479    11.29180    7.19116    10.04192    14.05272
87    0.86572    5.45235    14.35462    4.72005    10.58475    7.22314    10.63777    14.16002
88    0.86564    5.57225    14.39482    4.53425    10.94952    7.17534    10.29609    14.13910
89    0.86794    5.63584    14.44285    4.59465    11.15075    7.28453    10.19527    14.11687
90    0.86236    5.65140    14.68711    4.05662    11.16696    6.74090    9.86961    13.94634
91    0.85947    5.09505    14.31310    4.67135    9.51961    6.71148    11.32247    14.17943
92    0.86211    5.58672    14.46056    4.17267    10.97671    6.82222    10.07443    14.09840
93    0.86957    5.73039    14.73586    4.52849    11.44036    7.20118    9.95596    13.97749
94    0.87359    5.87571    15.45731    4.69586    11.90179    7.14761    9.71888    13.67891
95    0.86243    5.44570    14.35547    4.47157    10.55590    6.98067    10.52203    14.15794
96    0.87210    5.80913    15.08816    4.63767    11.69112    7.20391    9.83868    13.83739
97    0.87103    5.81154    15.16009    4.55608    11.69222    7.12848    9.78820    13.77920
98    0.86353    5.49419    14.36602    4.49235    10.70577    7.05524    10.43431    14.15289
99    0.85983    5.20028    14.32329    4.56613    9.82236    6.75931    11.06256    14.17408
100    0.87371    5.76864    14.72780    4.81484    11.57873    7.47815    10.02498    14.01213
101    0.86643    5.47394    14.35821    4.74886    10.65235    7.27477    10.60871    14.15856
102    0.87543    5.84937    15.17828    4.85386    11.83279    7.33218    9.86500    13.85606
103    0.86732    5.56515    14.38317    4.69130    10.93398    7.31922    10.39224    14.14648
104    0.86923    5.43411    14.35131    5.01539    10.53770    7.47030    10.82634    14.16372
105    0.86663    5.39092    14.34512    4.86403    10.40082    7.28246    10.83633    14.16530
106    0.86496    5.58840    14.41560    4.43741    10.99529    7.09370    10.21196    14.12751
107    0.86275    5.43612    14.35337    4.50829    10.52783    7.00462    10.56066    14.15922
108    0.87387    5.82279    15.08020    4.75943    11.74283    7.29888    9.87414    13.87086
109    0.86951    5.93185    15.91450    4.37152    12.04521    7.01766    9.40881    13.21069
110    0.87237    5.77012    14.81319    4.70140    11.57532    7.34419    9.96112    13.96552
111    0.86560    5.38865    14.34493    4.78673    10.39164    7.20881    10.80117    14.16492
112    0.86997    5.54937    14.37325    4.93061    10.89364    7.52342    10.54758    14.15383
113    0.87067    5.72361    14.64125    4.63328    11.42649    7.32591    10.02746    14.02915
114    0.86358    5.48845    14.36429    4.50459    10.68851    7.06069    10.45241    14.15383
115    0.86668    5.69225    14.68405    4.34847    11.31085    7.02869    9.94204    13.98509
116    0.86647    5.55885    14.38305    4.63030    10.91182    7.25507    10.37364    14.14586
117    0.86852    5.76021    14.96842    4.41239    11.52359    7.05601    9.82490    13.84039
118    0.86574    5.32028    14.33627    4.87873    10.18703    7.20796    10.98571    14.16941
119    0.87447    5.84238    15.18429    4.78710    11.80578    7.28200    9.84476    13.83588
120    0.86823    5.70335    14.66155    4.46063    11.35244    7.14585    9.97892    14.00654
121    0.86212    5.41347    14.34970    4.48775    10.45795    6.95830    10.59575    14.16088
122    0.86753    5.34446    14.33915    4.98944    10.26298    7.33876    10.99387    14.16871
123    0.87158    5.83652    15.29371    4.57720    11.77089    7.11598    9.74292    13.71678
124    0.86429    5.69584    14.81561    4.15440    11.30859    6.84764    9.82518    13.87430
125    0.87304    5.84560    15.28386    4.67755    11.80700    7.17800    9.77763    13.75820
126    0.86723    5.57445    14.38817    4.66730    10.96206    7.30553    10.36066    14.14386
127    0.86267    5.35994    14.34161    4.59381    10.29874    6.99356    10.75903    14.16543
128    0.87263    5.64385    14.41032    4.99947    11.19475    7.67324    10.38695    14.14070
129    0.86454    5.39699    14.34631    4.69447    10.41430    7.13344    10.73666    14.16375
130    0.86871    5.67779    14.52954    4.55802    11.27952    7.26031    10.08689    14.07504
131    0.87160    5.76176    14.80636    4.64983    11.54575    7.29886    9.95194    13.96125
132    0.86525    5.62165    14.46822    4.37743    11.09529    7.05443    10.11055    14.09962
133    0.87239    6.00595    16.26423    4.53274    12.28749    7.04240    9.33005    13.08439
134    0.86578    5.58611    14.40519    4.51706    10.99190    7.17082    10.25845    14.13379
135    0.87142    5.82924    15.25486    4.57059    11.74790    7.11922    9.75588    13.73491
136    0.86100    5.36750    14.34298    4.45663    10.31738    6.87289    10.67213    14.16396
137    0.86146    5.31285    14.33579    4.55602    10.15581    6.89849    10.83379    14.16803
138    0.87080    5.55493    14.37446    4.98923    10.91320    7.58129    10.56601    14.15420
139    0.86818    5.76401    15.00770    4.38296    11.53306    7.02956    9.79976    13.81017
140    0.86283    5.35753    14.34126    4.60959    10.29190    7.00541    10.77211    14.16569
141    0.86731    5.43564    14.35147    4.86421    10.53788    7.33623    10.74595    14.16246
142    0.87317    5.76286    14.72355    4.77822    11.55821    7.44534    10.01831    14.00954
143    0.86753    5.67991    14.58484    4.44491    11.27918    7.13704    10.02176    14.04327
144    0.86705    5.61465    14.42376    4.56586    11.08316    7.24175    10.22459    14.12546
145    0.86452    5.78839    15.26600    4.10183    11.58596    6.90147    9.58284    13.50666
146    0.87337    5.78594    14.85586    4.76144    11.62873    7.38338    9.95807    13.95781
147    0.87069    5.56958    14.37870    4.95981    10.95824    7.57026    10.52083    14.15206
148    0.86896    5.78127    15.07259    4.42692    11.58926    7.05453    9.78514    13.78583
149    0.87080    5.72607    14.64721    4.63986    11.43455    7.33132    10.02558    14.02709
150    0.87937    6.11457    16.71943    4.96374    12.67082    7.08129    9.31688    13.08079
151    0.87229    5.72315    14.56749    4.78076    11.43436    7.48917    10.10653    14.06963
152    0.87278    5.95462    15.96265    4.58889    12.13622    7.05597    9.47861    13.32245
153    0.87491    5.73399    14.52598    4.99972    11.48119    7.70760    10.19670    14.09954
154    0.87149    5.68844    14.48155    4.79338    11.32607    7.50599    10.18754    14.10520
155    0.87647    5.92021    15.62594    4.87576    12.05558    7.19619    9.71525    13.67118
156    0.87004    5.69116    14.52998    4.64843    11.32648    7.35653    10.10595    14.07854
157    0.86772    5.56950    14.38393    4.71724    10.94861    7.34797    10.39667    14.14643
158    0.87412    5.88350    15.48493    4.72936    11.92874    7.15855    9.71947    13.67885
159    0.86328    5.51384    14.37335    4.44168    10.76447    7.02740    10.36770    14.14881
160    0.86324    5.65167    14.65146    4.12782    11.17239    6.80458    9.90928    13.98103
161    0.86297    5.30297    14.33448    4.68438    10.12982    7.00627    10.92023    14.16931
162    0.87909    5.99907    16.03952    5.01386    12.31549    7.15839    9.60860    13.52551
163    0.87321    5.82245    15.11641    4.70958    11.73789    7.24882    9.84781    13.84357
164    0.86513    5.55170    14.38456    4.53028    10.88540    7.15187    10.33638    14.14409
165    0.87505    5.81453    14.94957    4.86001    11.72488    7.43073    9.94684    13.94067
166    0.86666    5.62135    14.43922    4.51229    11.10139    7.19269    10.18254    14.11701
167    0.86686    5.65920    14.53089    4.43055    11.21438    7.12227    10.05885    14.06947
168    0.87052    5.34777    14.34028    5.21920    10.27886    7.54548    11.10348    14.16988
169    0.87035    5.73222    14.70331    4.59054    11.45028    7.26945    9.98554    13.99852
170    0.86612    5.69001    14.70076    4.30571    11.30113    6.98456    9.92336    13.97143
171    0.86585    5.60187    14.42197    4.48580    11.03947    7.15253    10.20934    14.12505
172    0.86096    5.41329    14.35026    4.39787    10.45438    6.87197    10.54895    14.16000
173    0.86725    5.54130    14.37404    4.72323    10.86072    7.32491    10.45776    14.15106
174    0.87333    5.72521    14.53974    4.87246    11.44627    7.58443    10.14990    14.08607
175    0.86515    5.45988    14.35628    4.66623    10.60616    7.18160    10.59461    14.15887
176    0.87173    5.72733    14.60865    4.72054    11.44369    7.42085    10.06574    14.04911
177    0.86604    5.52073    14.36965    4.65530    10.79409    7.23928    10.46483    14.15247
178    0.87478    5.76953    14.67807    4.90623    11.58763    7.58013    10.07119    14.03979
179    0.86862    5.67552    14.52503    4.55480    11.27228    7.25683    10.09007    14.07703
180    0.86686    5.73691    14.91561    4.30880    11.44470    6.97802    9.81962    13.84559
181    0.87055    5.76391    14.88078    4.56431    11.54618    7.20058    9.90058    13.91582
182    0.87031    5.65838    14.44363    4.75968    11.22972    7.46080    10.23366    14.12033
183    0.85828    5.18372    14.32133    4.46650    9.77137    6.64272    11.04327    14.17440
184    0.86572    5.40622    14.34737    4.77497    10.44493    7.21930    10.75962    14.16372
185    0.86621    5.53572    14.37420    4.64727    10.84040    7.24759    10.42996    14.15024
186    0.87236    5.78316    14.89837    4.68427    11.61443    7.30075    9.92269    13.92866
187    0.87104    5.65473    14.42986    4.83631    11.22192    7.53215    10.28083    14.12828
188    0.86565    5.29799    14.33368    4.89893    10.12056    7.19792    11.04050    14.17070
189    0.87236    5.81361    15.10360    4.65369    11.70620    7.21139    9.83730    13.83460
190    0.86942    5.86814    15.55978    4.40091    11.85355    7.01887    9.57148    13.47013
191    0.86941    5.61042    14.40045    4.78616    11.07994    7.45084    10.34749    14.13994
192    0.87728    5.92100    15.59408    4.93444    12.06310    7.23475    9.74519    13.71024
193    0.87528    5.80618    14.87714    4.88948    11.70104    7.48605    9.98123    13.97069
194    0.86574    5.58979    14.40914    4.50499    11.00280    7.16203    10.24451    14.13168
195    0.86980    5.69459    14.55097    4.61810    11.33535    7.32345    10.08254    14.06783
196    0.87183    5.65424    14.42284    4.90824    11.22370    7.59887    10.31873    14.13316
197    0.87305    5.74454    14.63069    4.80267    11.50268    7.49692    10.07151    14.04677
198    0.87191    5.76434    14.80372    4.67222    11.55534    7.32037    9.95828    13.96536
199    0.87065    5.70658    14.56482    4.66833    11.37577    7.37469    10.08319    14.06427
200    0.86814    5.57189    14.38380    4.74774    10.95734    7.37894    10.40745    14.14686
201    0.86689    5.32793    14.33714    4.95875    10.21219    7.29038    11.01130    14.16943
202    0.86727    5.68457    14.61753    4.41248    11.29149    7.10034    9.99401    14.02496
203    0.86474    5.19697    14.32292    4.95270    9.82206    7.11462    11.26712    14.17594
204    0.86530    5.63194    14.49431    4.35412    11.12577    7.03436    10.07626    14.08552
205    0.86008    5.32033    14.33680    4.44167    10.17490    6.79960    10.75895    14.16688
206    0.85790    5.39210    14.34771    4.18680    10.38277    6.64243    10.48004    14.15942
207    0.86574    5.44858    14.35396    4.72606    10.57335    7.22432    10.64853    14.16036
208    0.86786    5.33245    14.33772    5.02945    10.22767    7.35964    11.03824    14.16958
209    0.86980    5.87054    15.56202    4.42706    11.86314    7.02680    9.58078    13.48376
210    0.87343    5.89762    15.60290    4.67010    11.96752    7.10988    9.65446    13.58855
211    0.87035    5.76510    14.90005    4.54701    11.54858    7.18063    9.88841    13.90385
212    0.87468    5.88235    15.45204    4.77086    11.92864    7.18831    9.74483    13.71192
213    0.86908    5.76974    14.99723    4.44593    11.55532    7.07820    9.82199    13.83306
214    0.86699    5.49000    14.36108    4.77224    10.70286    7.31460    10.58803    14.15744
215    0.86997    5.68520    14.51255    4.65728    11.30839    7.36598    10.12340    14.08664
216    0.87510    5.80417    14.87464    4.87691    11.69386    7.47639    9.97904    13.96946
217    0.87691    5.76438    14.57950    5.11257    11.58395    7.79584    10.18913    14.09289
218    0.87377    5.74523    14.60293    4.86616    11.50887    7.56563    10.10330    14.06229
219    0.87741    5.90854    15.49922    4.95315    12.02567    7.27633    9.78376    13.75860
220    0.87381    5.85531    15.31069    4.72711    11.84108    7.20146    9.78265    13.76253
221    0.86394    5.37447    14.34331    4.67507    10.34519    7.08778    10.77203    14.16506
222    0.87107    5.84677    15.37881    4.53319    11.79893    7.08001    9.69496    13.65132
223    0.87139    5.93977    15.91339    4.49930    12.08193    7.03965    9.46264    13.29687
224    0.86936    5.81681    15.26653    4.42919    11.69848    7.03866    9.70522    13.67222
225    0.87048    5.72743    14.67014    4.61041    11.43681    7.29670    10.00680    14.01482
226    0.87271    5.52051    14.36820    5.18295    10.81147    7.71087    10.73504    14.15968
227    0.87020    5.63656    14.41717    4.80175    11.16298    7.48680    10.30108    14.13289
